3333333333333333333333333333333333333333333333333333333333333333333333333333333
3                                                                             3
3        33                                                                   3
3       3333        33        3                                               3
333333333333333333333333333333333333333333333333  333333333333333333      33333
3                                                                        333333
3                                                                       3333333
3                                                                      33333333
3          33333444333333333333333333334433333333333333333333333333333333333333
3                                                                             3
3                                                                             3
3                                                                             3
3333333          3333333333333333333333333333333333333333333333333333         3
3      3        3                                                             3
3       3      3                                                              3
3        333333                     33                                        3
3                                  3333                                       3
3   333333333333333333333333333333333333333333333333333344443333333333333333333
3                                                                             3
3           3        333       333333                                         3
3          333     333 333    33     33                                       3
3     3444333334443333333334433       33                                      3
33333334444444444444444444444444444444443444333333333344443                   3
3333333333333333333333333333333333333333333333333333333333333333333333333333333