33333333333333333333333333333333333333333333333333333333333333333333333333333333
3                                                                              3
3  9                                                                           3
3333333333333333333333333333333333333333333333333333333333333333333333333      3
3                                                                              3
3                                                                              3
3  3333333333333333333333333333333333333333333333333333333333333333333333    343
3                                                                             33
3                                                                              3
3  3333343333443333344333333333333344433333333333333444333333333333333333    343
3  3333333333333333333333333333333333333333333333333333333333333333333333     33
3                                                                              3
3  3333333333333333333333333333333333333333333333333333333333333333333333      3
3                                                                              3
3               3   3    333333   33333   3                                    3
3              3 3 3    3    3   3       3                                     3
3             3   3    333333   333333  33333333                               3
3  3333333333333333333333333333333333333333333333333333333333333333333333      3
3                                                                              3
3             343343              343343           343343                      3
3            3 4  4 3            3 4  4 3         3 4  4 3                     3
3  3333333333333333333333333333333333333333333333333333333333333333333333      3
3                                                                              3
33333333333333333333333333333333333333333333333333333333333333333333333333333333