33333333333333333333333333333333333333333333333333333333333333333333333333333333
3                                                                              3
3                                                                              3
89      3333        33        3     5                    5                   5 3
333333333333333333333333333333333333333333333333  333333333333333333      333333
3                                                                        3333333
3                                                                       33333333
3                              5                                       333333333
3          333334443333333333333333333344333333333333333333333333333333333333333
3              33333                  3333                                     3
3                                                                              3
3  5                            5                    5             5           3
3333333          3333333333333333333333333333333333333333333333333333          3
3      3        3                                                         5    3
3       3   5  3                                                               3
3        333333                     33                                         3
3          5                       3333              5                         3
3   3333333333333333333333333333333333333333333333333333444433333333333333333333
3           5         5                               3333333                  3
3           3        333       333333                                          3
3          333     333 333   533     33                                        3
3     3   33333   333333333  33       33      5                                3
33333334444444444444444444444444444444443444333333333344443       5            7
33333333333333333333333333333333333333333333333333333333333333333333333333333333